50_50_100.mp4 0 1 1 0 0 1 f 1.6666666666666667
50_50_104.mp4 1 0 0 0 0 0 m 2.3333333333333335
50_50_105.mp4 1 1 0 0 0 1 f 1.6666666666666667
50_50_106.mp4 1 1 0 0 0 1 f 2.0
50_50_22.mp4 0 1 1 0 1 1 f 2.6666666666666665
50_50_24.mp4 0 0 0 1 0 1 f 6.333333333333333
50_50_27.mp4 1 1 0 0 1 1 f 2.0
50_50_4.mp4 0 1 0 1 0 1 m 3.3333333333333335
50_50_45.mp4 0 1 0 1 0 1 m 3.3333333333333335
50_50_46.mp4 0 0 0 1 0 1 m 5.666666666666667
50_50_48.mp4 1 1 0 0 1 0 f 3.0
50_50_58.mp4 1 1 0 0 0 1 f 1.6666666666666667
50_50_61.mp4 0 1 0 1 0 1 m 3.6666666666666665
50_50_64.mp4 1 0 0 1 0 1 m 5.333333333333333
50_50_65.mp4 1 1 0 0 1 0 f 2.6666666666666665
50_50_68.mp4 0 0 0 1 0 0 f 4.666666666666667
50_50_70.mp4 1 1 0 0 1 0 m 2.0
50_50_74.mp4 0 1 1 0 1 1 f 1.6666666666666667
50_50_77.mp4 1 1 0 0 0 1 m 2.0
50_50_78.mp4 0 1 1 0 0 1 m 1.6666666666666667
50_50_81.mp4 1 1 1 0 1 1 f 1.6666666666666667
50_50_85.mp4 0 0 0 1 0 1 m 6.333333333333333
50_50_87.mp4 0 0 0 1 0 0 f 6.0
50_50_94.mp4 0 1 1 0 0 1 f 1.6666666666666667
50_50_95.mp4 1 1 1 0 0 1 m 1.0
50_50_spider_110.mp4 0 1 0 1 0 0 f 3.6666666666666665
50_50_spider_126.mp4 0 1 0 1 0 1 f 5.666666666666667
50_50_spider_129.mp4 0 1 1 1 0 1 f 3.0
50_50_spider_31.mp4 0 1 1 0 0 1 f 2.0
50_50_spider_52.mp4 0 0 0 1 0 1 f 5.666666666666667
50_50_spider_70.mp4 0 0 0 1 1 1 f 3.3333333333333335
50_50_spider_82.mp4 0 0 1 0 0 0 f 3.0
50_50_spider_98.mp4 0 1 1 0 0 1 f 1.6666666666666667
Branda_schmitz_100.mp4 0 0 0 0 0 0 f 3.6666666666666665
Branda_schmitz_101.mp4 0 0 0 0 1 0 f 2.6666666666666665
Branda_schmitz_102.mp4 0 0 0 1 1 0 f 4.0
Branda_schmitz_103.mp4 0 0 0 1 0 0 f 5.0
Branda_schmitz_106.mp4 0 0 0 1 0 0 m 5.333333333333333
Branda_schmitz_107.mp4 0 0 0 1 0 0 f 5.333333333333333
Branda_schmitz_11.mp4 0 0 1 0 1 1 f 2.3333333333333335
Branda_schmitz_112.mp4 0 0 0 1 0 0 f 4.333333333333333
Branda_schmitz_114.mp4 0 0 0 1 0 0 f 5.0
Branda_schmitz_116.mp4 0 0 0 1 0 0 m 5.333333333333333
Branda_schmitz_117.mp4 0 0 0 1 0 0 m 4.333333333333333
Branda_schmitz_121.mp4 0 0 0 1 0 0 m 6.333333333333333
Branda_schmitz_13.mp4 0 0 0 0 1 0 m 2.0
Branda_schmitz_15.mp4 0 0 0 0 0 0 f 4.666666666666667
Branda_schmitz_23.mp4 0 0 0 0 0 0 f 3.3333333333333335
Branda_schmitz_26.mp4 0 0 0 1 1 1 f 4.0
Branda_schmitz_27.mp4 0 0 0 0 0 0 m 4.0
Branda_schmitz_28.mp4 0 0 0 0 1 1 f 1.6666666666666667
Branda_schmitz_31.mp4 0 0 0 0 1 0 f 3.3333333333333335
Branda_schmitz_32.mp4 0 0 0 0 1 1 m 3.6666666666666665
Branda_schmitz_36.mp4 0 0 0 0 1 0 f 2.6666666666666665
Branda_schmitz_40.mp4 0 0 0 0 1 0 f 1.6666666666666667
Branda_schmitz_41.mp4 0 0 0 0 1 0 m 3.6666666666666665
Branda_schmitz_44.mp4 0 0 0 1 0 1 f 6.333333333333333
Branda_schmitz_47.mp4 0 0 0 0 0 0 f 3.3333333333333335
Branda_schmitz_52.mp4 0 0 0 0 1 0 f 3.0
Branda_schmitz_57.mp4 0 0 0 1 0 0 f 6.333333333333333
Branda_schmitz_60.mp4 0 0 0 0 1 0 f 3.6666666666666665
Branda_schmitz_61.mp4 0 0 0 0 1 0 m 2.6666666666666665
Branda_schmitz_66.mp4 0 0 0 0 0 0 m 4.0
Branda_schmitz_69.mp4 0 0 0 1 0 0 f 5.333333333333333
Branda_schmitz_70.mp4 1 0 0 0 1 1 f 3.0
Branda_schmitz_74.mp4 0 0 0 1 0 1 f 5.0
Branda_schmitz_76.mp4 1 0 0 0 1 0 f 4.0
Branda_schmitz_77.mp4 0 0 0 1 0 0 f 5.333333333333333
Branda_schmitz_82.mp4 0 0 0 1 0 0 m 6.0
Branda_schmitz_84.mp4 0 0 0 0 0 0 f 3.6666666666666665
Branda_schmitz_91.mp4 1 0 0 0 0 0 m 3.6666666666666665
Branda_schmitz_93.mp4 0 0 0 1 0 0 f 5.666666666666667
Branda_schmitz_95.mp4 0 0 1 0 1 0 m 3.0
Branda_schmitz_96.mp4 1 1 0 0 0 0 m 2.6666666666666665
Branda_schmitz_99.mp4 0 0 1 0 1 0 f 2.3333333333333335
TRY_NOT_LOOK_AWAY_18.mp4 0 1 0 0 1 1 f 1.6666666666666667
TRY_NOT_LOOK_AWAY_20.mp4 0 1 0 0 0 0 f 3.3333333333333335
TRY_NOT_LOOK_AWAY_21.mp4 0 1 1 0 0 1 f 3.0
TRY_NOT_LOOK_AWAY_25.mp4 1 0 0 0 0 0 f 3.3333333333333335
TRY_NOT_LOOK_AWAY_26.mp4 0 1 0 0 0 0 f 2.0
TRY_NOT_LOOK_AWAY_27.mp4 0 1 1 0 1 1 m 1.0
TRY_NOT_LOOK_AWAY_30.mp4 1 1 0 0 1 0 f 2.3333333333333335
TRY_NOT_LOOK_AWAY_31.mp4 0 1 0 1 0 1 m 3.6666666666666665
TRY_NOT_LOOK_AWAY_4.mp4 1 0 0 0 0 0 f 2.6666666666666665
TRY_NOT_LOOK_AWAY_5.mp4 0 1 0 0 0 0 f 2.6666666666666665
TRY_NOT_LOOK_AWAY_8.mp4 1 1 0 0 1 1 f 1.3333333333333333
TRY_NOT_LOOK_AWAY_9.mp4 0 1 1 0 0 1 f 2.0
battlefield1_0.mp4 0 0 0 1 0 1 m 6.333333333333333
battlefield1_22.mp4 1 0 0 1 0 0 f 3.6666666666666665
battlefield1_23.mp4 0 0 0 1 0 0 m 5.333333333333333
battlefield1_25.mp4 0 0 0 1 0 1 m 5.0
battlefield1_28.mp4 1 0 1 1 0 1 m 5.666666666666667
battlefield1_37.mp4 0 0 0 1 0 1 m 6.666666666666667
battlefield1_4.mp4 0 1 1 0 0 1 f 3.3333333333333335
battlefield1_46.mp4 0 0 0 1 0 1 m 6.0
battlefield1_50.mp4 0 0 0 1 0 0 m 5.666666666666667
battlefield1_8.mp4 1 0 0 0 1 0 f 2.3333333333333335
bully_burger_26.mp4 0 0 0 1 0 0 f 6.333333333333333
bully_burger_32.mp4 1 1 0 0 1 1 f 2.0
bully_burger_40.mp4 0 0 0 1 0 0 f 5.0
bully_burger_50.mp4 0 0 0 0 1 0 f 2.3333333333333335
bully_burger_53.mp4 1 1 0 0 0 1 f 1.6666666666666667
bully_burger_54.mp4 1 1 1 0 1 1 f 1.3333333333333333
bully_burger_58.mp4 1 1 0 0 1 1 f 2.3333333333333335
bully_burger_68.mp4 0 0 0 0 1 0 f 3.3333333333333335
bully_burger_69.mp4 1 1 0 0 0 0 f 2.6666666666666665
bully_burger_76.mp4 1 0 0 0 1 0 f 3.6666666666666665
bully_burger_78.mp4 1 1 0 0 1 0 f 2.0
bully_burger_79.mp4 0 0 0 0 0 0 f 3.6666666666666665
bully_burger_93.mp4 0 0 0 0 1 0 f 3.0
bully_burger_94.mp4 0 0 0 1 0 0 f 5.666666666666667
bully_burger_95.mp4 1 0 0 0 0 0 f 3.3333333333333335
bully_burger_96.mp4 1 0 0 0 1 0 f 2.6666666666666665
burnshoes_12.mp4 1 1 0 0 0 0 f 2.3333333333333335
burnshoes_14.mp4 1 1 0 0 0 0 m 2.0
burnshoes_15.mp4 0 0 0 1 0 0 m 4.333333333333333
burnshoes_20.mp4 0 0 0 1 0 0 m 6.0
burnshoes_25.mp4 0 0 0 1 0 0 m 6.0
burnshoes_34.mp4 0 0 0 1 0 0 m 5.333333333333333
burnshoes_36.mp4 1 0 0 1 0 0 f 4.0
burnshoes_4.mp4 1 0 0 0 0 0 m 2.3333333333333335
burnshoes_41.mp4 1 1 0 0 0 0 f 3.6666666666666665
burnshoes_48.mp4 1 1 0 0 0 0 f 2.6666666666666665
burnshoes_49.mp4 1 0 0 0 0 0 f 2.6666666666666665
burnshoes_51.mp4 0 0 0 0 0 0 m 3.6666666666666665
burnshoes_68.mp4 1 1 0 0 0 0 f 2.3333333333333335
burnshoes_7.mp4 1 1 0 0 1 0 f 2.3333333333333335
burnshoes_73.mp4 1 1 0 0 0 0 f 3.0
burnshoes_74.mp4 1 1 0 0 0 0 f 2.3333333333333335
burnshoes_92.mp4 1 1 0 0 1 0 f 2.6666666666666665
burnshoes_94.mp4 1 0 0 0 0 0 m 2.6666666666666665
cuphead_0.mp4 1 0 0 1 0 1 m 6.333333333333333
cuphead_11.mp4 0 0 1 0 0 1 f 4.0
cuphead_21.mp4 0 0 1 1 0 1 f 4.0
cuphead_23.mp4 0 0 0 1 0 1 m 4.666666666666667
cuphead_24.mp4 1 0 0 1 0 1 f 2.6666666666666665
cuphead_29.mp4 1 0 0 0 0 0 f 2.6666666666666665
cuphead_31.mp4 0 0 0 1 0 1 m 7.0
cuphead_32.mp4 0 0 0 1 0 1 m 6.0
cuphead_35.mp4 0 0 0 1 0 1 f 4.333333333333333
cuphead_38.mp4 0 0 0 1 0 0 m 5.666666666666667
cuphead_58.mp4 0 0 0 1 0 1 m 6.666666666666667
cuphead_63.mp4 0 0 0 1 1 1 m 6.333333333333333
cuphead_66.mp4 1 0 1 1 0 1 m 6.333333333333333
cuphead_68.mp4 1 0 0 1 0 1 f 4.666666666666667
cuphead_70.mp4 0 0 0 1 0 1 m 6.666666666666667
david_bowie_101.mp4 0 0 0 0 1 0 f 2.6666666666666665
david_bowie_105.mp4 0 0 0 1 0 0 m 6.0
david_bowie_106.mp4 0 0 0 1 0 0 f 5.333333333333333
david_bowie_109.mp4 0 0 0 1 1 0 f 5.0
david_bowie_13.mp4 0 0 1 0 0 1 f 2.3333333333333335
david_bowie_16.mp4 0 0 1 0 1 1 m 3.3333333333333335
david_bowie_17.mp4 0 0 0 0 1 1 f 2.3333333333333335
david_bowie_18.mp4 0 1 1 0 1 0 f 2.0
david_bowie_29.mp4 0 0 0 0 1 0 m 3.6666666666666665
david_bowie_30.mp4 0 0 0 0 0 0 f 3.3333333333333335
david_bowie_36.mp4 0 0 0 0 1 0 f 2.0
david_bowie_38.mp4 1 0 0 0 0 0 m 3.0
david_bowie_42.mp4 0 0 1 0 1 0 f 3.0
david_bowie_53.mp4 0 0 0 1 0 1 f 5.666666666666667
david_bowie_59.mp4 0 0 0 0 1 0 f 2.6666666666666665
david_bowie_64.mp4 0 0 0 0 0 0 f 4.0
david_bowie_67.mp4 0 0 0 0 1 0 f 3.6666666666666665
david_bowie_68.mp4 0 0 0 1 0 0 f 5.0
david_bowie_69.mp4 0 0 0 0 0 0 f 4.0
david_bowie_84.mp4 0 0 0 0 1 1 f 3.3333333333333335
david_bowie_85.mp4 0 0 0 1 0 0 f 5.333333333333333
david_bowie_94.mp4 0 0 0 1 0 0 f 5.666666666666667
david_bowie_97.mp4 0 0 0 1 0 1 m 6.0
dolan_dark_104.mp4 0 0 0 1 0 0 m 5.666666666666667
dolan_dark_105.mp4 0 0 0 1 0 1 f 3.3333333333333335
dolan_dark_109.mp4 1 0 0 0 1 0 m 3.6666666666666665
dolan_dark_135.mp4 1 0 0 1 0 0 f 3.3333333333333335
dolan_dark_14.mp4 1 0 0 0 1 1 f 3.3333333333333335
dolan_dark_22.mp4 0 0 0 0 0 1 f 4.333333333333333
dolan_dark_31.mp4 1 0 0 0 1 0 f 3.3333333333333335
dolan_dark_5.mp4 0 0 0 1 0 0 m 4.666666666666667
dolan_dark_60.mp4 0 0 0 1 0 1 m 5.333333333333333
dolan_dark_67.mp4 0 0 0 1 0 0 m 6.333333333333333
dolan_dark_68.mp4 0 0 0 1 0 1 m 6.333333333333333
dolan_dark_73.mp4 0 0 0 1 0 0 f 5.666666666666667
dolan_dark_75.mp4 0 0 0 1 0 0 f 4.666666666666667
dolan_dark_76.mp4 0 1 1 0 0 1 m 2.0
dolan_dark_89.mp4 1 1 0 0 1 0 f 3.0
dolan_dark_90.mp4 0 0 0 1 0 0 m 5.0
eminem_12.mp4 0 0 0 1 0 1 f 4.333333333333333
eminem_142.mp4 1 0 0 0 0 0 f 3.0
eminem_144.mp4 0 0 0 1 0 0 m 6.0
eminem_145.mp4 0 0 0 0 0 0 m 3.6666666666666665
eminem_146.mp4 0 0 0 1 0 0 m 5.0
eminem_149.mp4 0 0 0 1 0 0 m 6.333333333333333
eminem_25.mp4 0 0 0 1 0 0 m 4.0
eminem_27.mp4 0 0 0 1 0 1 m 5.0
eminem_31.mp4 0 1 0 0 0 1 m 3.3333333333333335
eminem_35.mp4 0 0 0 0 0 0 f 2.6666666666666665
eminem_42.mp4 1 1 0 0 0 0 f 2.0
eminem_44.mp4 1 1 0 0 0 1 f 2.0
eminem_46.mp4 1 0 0 0 0 1 m 3.3333333333333335
eminem_56.mp4 1 1 0 0 1 1 f 2.3333333333333335
eminem_66.mp4 0 0 0 1 0 1 m 3.6666666666666665
eminem_71.mp4 0 0 0 1 0 1 m 6.0
eminem_84.mp4 0 0 0 1 0 0 f 5.666666666666667
eminem_88.mp4 0 0 0 1 0 0 f 5.333333333333333
esports_97.mp4 0 0 0 1 0 0 f 4.666666666666667
f_marry_kill_100.mp4 1 0 0 0 0 0 f 4.333333333333333
f_marry_kill_103.mp4 0 0 0 1 0 0 f 4.333333333333333
f_marry_kill_14.mp4 0 0 0 1 0 0 f 5.0
f_marry_kill_25.mp4 0 0 0 1 0 0 m 5.333333333333333
f_marry_kill_39.mp4 0 0 0 1 0 0 m 6.333333333333333
f_marry_kill_43.mp4 0 0 0 1 0 0 m 6.333333333333333
f_marry_kill_6.mp4 0 0 0 1 0 1 m 5.0
f_marry_kill_67.mp4 0 0 0 1 0 1 f 5.666666666666667
f_marry_kill_68.mp4 1 0 0 1 0 0 f 4.0
f_marry_kill_72.mp4 0 0 0 1 0 0 m 5.0
f_marry_kill_73.mp4 0 0 0 1 0 1 m 6.333333333333333
fatality_0.mp4 0 1 1 0 0 0 f 2.3333333333333335
fatality_11.mp4 0 1 0 1 0 0 m 3.3333333333333335
fatality_14.mp4 0 0 0 0 0 0 f 3.6666666666666665
fatality_15.mp4 1 1 0 0 1 0 f 2.0
fatality_17.mp4 0 1 1 0 1 1 f 2.0
fatality_2.mp4 1 1 1 0 0 1 f 2.0
fatality_20.mp4 0 1 1 0 0 1 f 3.0
fatality_22.mp4 1 1 0 0 0 0 f 2.0
fatality_23.mp4 0 0 0 1 0 1 m 6.0
fatality_24.mp4 0 1 0 0 0 0 f 2.0
fatality_27.mp4 1 1 0 0 1 1 f 1.6666666666666667
fatality_4.mp4 0 1 0 0 1 0 f 2.3333333333333335
fatality_5.mp4 0 1 0 0 0 0 f 2.6666666666666665
fatality_6.mp4 0 1 1 0 0 1 f 1.3333333333333333
fatality_8.mp4 1 1 1 0 1 1 f 2.3333333333333335
fatality_9.mp4 1 1 1 0 1 1 f 2.0
flappy_bird_106.mp4 0 0 0 1 0 1 m 5.333333333333333
flappy_bird_110.mp4 0 0 0 1 0 0 f 6.0
flappy_bird_14.mp4 0 0 0 1 0 1 m 7.0
flappy_bird_23.mp4 0 0 0 1 0 1 f 3.3333333333333335
flappy_bird_25.mp4 0 0 0 1 1 1 f 5.666666666666667
flappy_bird_30.mp4 0 1 0 0 0 1 f 2.6666666666666665
flappy_bird_31.mp4 1 1 1 0 0 1 f 1.6666666666666667
flappy_bird_32.mp4 1 0 1 1 0 1 f 3.3333333333333335
flappy_bird_33.mp4 0 0 0 1 0 1 m 6.666666666666667
flappy_bird_34.mp4 0 0 0 1 0 1 m 6.666666666666667
flappy_bird_35.mp4 0 0 0 1 0 1 m 6.333333333333333
flappy_bird_43.mp4 1 1 0 0 0 0 m 2.3333333333333335
flappy_bird_44.mp4 1 0 0 1 0 1 m 4.666666666666667
flappy_bird_47.mp4 0 0 0 1 0 1 f 5.333333333333333
flappy_bird_49.mp4 1 0 0 1 0 1 m 5.333333333333333
flappy_bird_51.mp4 0 0 0 1 0 0 m 6.666666666666667
flappy_bird_52.mp4 0 0 0 1 0 0 f 6.0
flappy_bird_54.mp4 1 0 0 1 0 0 m 3.3333333333333335
flappy_bird_56.mp4 1 0 0 1 0 0 m 5.666666666666667
flappy_bird_59.mp4 0 0 0 1 0 1 m 6.0
flappy_bird_71.mp4 1 1 0 0 0 0 m 2.3333333333333335
flappy_bird_72.mp4 0 0 0 0 0 1 m 4.333333333333333
flappy_bird_76.mp4 0 0 0 1 0 0 f 5.666666666666667
flappy_bird_78.mp4 1 0 0 0 0 0 m 3.0
flappy_bird_79.mp4 0 0 0 1 0 0 f 6.0
flappy_bird_9.mp4 0 0 0 1 0 1 f 5.0
flappy_bird_91.mp4 1 0 0 0 0 0 m 3.0
flappy_bird_94.mp4 0 0 0 1 0 1 m 5.666666666666667
flappy_bird_98.mp4 1 0 0 1 0 1 f 4.0
fortnite_104.mp4 1 0 1 0 0 1 f 2.3333333333333335
fortnite_114.mp4 0 0 0 1 0 1 f 6.0
fortnite_115.mp4 0 0 0 1 0 0 f 4.666666666666667
fortnite_117.mp4 0 0 0 1 0 0 f 5.333333333333333
fortnite_118.mp4 0 0 0 0 0 1 f 3.3333333333333335
game_of_thrones_127.mp4 0 0 0 1 0 1 m 5.0
game_of_thrones_135.mp4 0 0 0 1 0 0 f 4.666666666666667
game_of_thrones_136.mp4 1 1 0 0 0 0 f 1.6666666666666667
game_of_thrones_16.mp4 0 0 0 1 0 0 f 6.0
game_of_thrones_29.mp4 0 0 0 1 0 1 m 4.666666666666667
game_of_thrones_85.mp4 1 1 0 0 1 0 m 2.6666666666666665
godofwar_10.mp4 1 1 1 0 0 1 f 2.3333333333333335
godofwar_108.mp4 0 0 0 1 0 0 f 4.333333333333333
godofwar_119.mp4 0 0 0 1 0 1 m 6.333333333333333
godofwar_123.mp4 0 1 0 1 0 1 f 5.0
godofwar_2.mp4 0 0 0 1 0 1 m 5.0
godofwar_3.mp4 0 0 0 1 0 0 f 5.333333333333333
godofwar_34.mp4 0 0 0 1 0 0 m 5.666666666666667
godofwar_37.mp4 0 0 1 1 0 1 f 4.333333333333333
godofwar_4.mp4 0 0 0 1 0 0 f 4.666666666666667
godofwar_44.mp4 0 0 0 1 0 0 m 5.666666666666667
godofwar_47.mp4 0 0 0 1 0 1 m 6.333333333333333
godofwar_50.mp4 1 0 0 1 0 0 m 5.333333333333333
godofwar_52.mp4 0 0 0 1 0 0 m 5.666666666666667
godofwar_54.mp4 0 0 1 0 0 0 f 3.3333333333333335
godofwar_60.mp4 0 0 0 1 0 1 m 6.0
godofwar_67.mp4 1 0 0 0 0 0 f 2.3333333333333335
godofwar_68.mp4 0 0 0 0 1 1 f 3.0
godofwar_71.mp4 0 0 0 1 0 1 m 6.0
godofwar_72.mp4 1 0 1 1 1 1 f 2.3333333333333335
godofwar_74.mp4 1 0 0 0 0 1 f 2.3333333333333335
godofwar_79.mp4 0 0 0 1 0 0 m 6.0
godofwar_80.mp4 1 0 1 0 0 1 f 2.3333333333333335
godofwar_82.mp4 0 0 0 1 1 1 m 4.333333333333333
godofwar_87.mp4 0 0 0 1 0 0 f 4.666666666666667
godofwar_9.mp4 0 0 0 1 0 0 f 5.333333333333333
godofwar_94.mp4 1 0 0 1 0 0 m 3.6666666666666665
godofwar_96.mp4 0 0 0 0 0 0 f 4.0
godofwar_99.mp4 0 0 0 1 0 1 m 6.333333333333333
granday_20.mp4 0 0 0 1 0 0 f 6.666666666666667
granday_22.mp4 0 0 0 1 0 0 f 5.666666666666667
granday_27.mp4 0 0 0 1 0 1 f 6.666666666666667
granday_29.mp4 0 0 0 1 0 0 f 6.666666666666667
granday_31.mp4 0 0 0 1 0 1 f 5.333333333333333
granday_32.mp4 0 0 0 1 0 1 f 6.333333333333333
granday_34.mp4 1 1 0 0 0 0 f 2.3333333333333335
granday_36.mp4 0 0 0 1 0 0 f 5.666666666666667
granday_39.mp4 0 0 0 1 0 1 f 3.3333333333333335
granday_45.mp4 0 0 0 0 0 0 f 4.0
granday_46.mp4 0 1 0 0 0 0 f 4.0
granday_55.mp4 0 0 0 1 0 0 f 5.333333333333333
granday_57.mp4 1 1 0 0 0 0 f 2.6666666666666665
gta1_0.mp4 0 0 0 1 0 0 m 6.333333333333333
gta1_1.mp4 0 0 0 0 0 1 m 4.0
gta1_13.mp4 0 0 1 0 0 0 f 3.6666666666666665
gta1_16.mp4 0 1 0 1 0 1 f 6.0
gta1_17.mp4 0 0 0 1 0 1 m 6.666666666666667
gta1_19.mp4 0 0 0 1 0 1 m 7.0
gta1_20.mp4 0 0 0 1 0 1 f 4.666666666666667
gta1_21.mp4 0 0 0 1 0 1 f 6.666666666666667
gta1_22.mp4 1 1 0 1 0 1 f 5.0
gta1_23.mp4 0 0 0 0 0 1 m 3.6666666666666665
gta1_25.mp4 0 0 0 1 0 0 m 5.666666666666667
gta1_28.mp4 0 0 0 1 0 0 f 6.0
gta1_34.mp4 0 0 0 1 0 1 m 5.666666666666667
gta1_37.mp4 0 0 0 1 0 1 m 6.666666666666667
gta1_39.mp4 1 0 0 0 0 0 f 3.6666666666666665
gta1_40.mp4 1 0 0 0 1 0 f 2.3333333333333335
gta1_45.mp4 1 1 0 0 1 0 m 2.0
gta1_46.mp4 1 0 0 0 0 0 m 3.0
gta1_7.mp4 0 0 0 1 0 1 m 6.0
gta2_11.mp4 0 0 0 1 0 0 f 6.333333333333333
gta2_19.mp4 0 0 0 1 0 1 f 4.0
gta2_2.mp4 0 0 0 1 0 0 f 6.0
gta2_20.mp4 1 1 0 0 0 1 f 1.3333333333333333
gta2_23.mp4 0 0 0 1 0 1 m 5.666666666666667
gta2_26.mp4 0 1 1 0 0 1 m 2.6666666666666665
gta2_29.mp4 0 0 0 0 0 1 m 4.333333333333333
gta2_3.mp4 1 0 0 1 0 1 f 3.3333333333333335
gta2_33.mp4 0 0 1 1 0 0 f 3.0
gta2_39.mp4 0 1 0 1 0 1 f 4.0
gta2_41.mp4 0 0 0 0 0 0 f 4.0
gta2_43.mp4 1 1 0 1 0 1 f 3.3333333333333335
gta2_44.mp4 0 0 0 0 0 1 m 4.0
gta2_51.mp4 1 1 1 0 0 1 f 2.3333333333333335
gta2_52.mp4 1 0 0 1 0 1 f 4.0
gta2_53.mp4 1 0 0 0 1 0 f 3.0
gta2_54.mp4 0 0 1 1 0 1 f 6.333333333333333
gta2_55.mp4 0 0 1 0 0 1 m 2.3333333333333335
gta2_59.mp4 1 1 0 1 0 0 f 3.6666666666666665
gta2_60.mp4 0 0 0 1 0 1 f 5.333333333333333
gta2_61.mp4 0 0 0 1 0 1 f 6.0
gta2_66.mp4 0 0 0 1 0 0 m 5.333333333333333
gta2_7.mp4 0 0 0 1 1 0 f 4.333333333333333
gta2_72.mp4 0 0 0 1 0 0 f 5.333333333333333
happy_wheels_16.mp4 0 0 1 1 0 0 m 4.333333333333333
happy_wheels_19.mp4 0 1 1 0 0 1 f 2.0
happy_wheels_26.mp4 1 0 0 1 0 1 m 3.3333333333333335
happy_wheels_33.mp4 0 0 0 1 0 1 f 4.333333333333333
happy_wheels_34.mp4 1 1 0 0 0 0 f 2.6666666666666665
happy_wheels_42.mp4 0 0 0 1 0 0 m 5.666666666666667
happy_wheels_44.mp4 0 0 0 1 0 0 m 4.666666666666667
happy_wheels_51.mp4 1 0 1 0 1 1 f 2.6666666666666665
happy_wheels_54.mp4 1 0 0 1 1 1 f 3.3333333333333335
happy_wheels_63.mp4 0 0 0 0 1 1 m 2.0
happy_wheels_64.mp4 1 1 0 0 0 0 f 2.6666666666666665
happy_wheels_65.mp4 1 1 0 1 0 1 f 2.6666666666666665
happy_wheels_78.mp4 1 1 0 1 0 1 f 2.3333333333333335
happy_wheels_83.mp4 0 0 0 1 0 0 m 5.666666666666667
happy_wheels_91.mp4 0 0 1 1 0 1 f 4.333333333333333
happy_wheels_95.mp4 0 0 0 1 0 1 m 5.666666666666667
happy_wheels_97.mp4 0 0 0 1 0 1 m 6.333333333333333
happy_wheels_99.mp4 1 0 0 0 0 1 f 3.0
heartbeat_22.mp4 0 0 1 0 0 1 f 3.6666666666666665
heartbeat_23.mp4 0 0 0 1 0 0 m 5.333333333333333
heartbeat_25.mp4 0 0 0 1 0 1 f 6.0
heartbeat_28.mp4 0 0 0 1 0 0 m 5.666666666666667
heartbeat_3.mp4 1 0 1 0 0 1 f 2.3333333333333335
heartbeat_37.mp4 1 0 1 0 1 1 f 2.3333333333333335
heartbeat_43.mp4 0 0 0 1 1 1 f 4.333333333333333
heartbeat_45.mp4 0 0 0 1 0 1 f 5.666666666666667
heartbeat_52.mp4 0 0 0 1 0 0 f 6.333333333333333
heartbeat_55.mp4 0 0 0 1 0 0 f 5.0
heartbeat_61.mp4 1 0 0 0 0 0 f 4.0
heartbeat_62.mp4 0 0 0 0 0 0 m 4.333333333333333
heartbeat_64.mp4 0 0 0 1 0 0 m 4.333333333333333
japanese_show_17.mp4 0 0 0 1 0 1 m 6.666666666666667
japanese_show_28.mp4 0 0 0 1 0 1 m 6.0
japanese_show_33.mp4 0 0 0 1 0 1 m 6.333333333333333
japanese_show_38.mp4 0 1 0 0 0 1 f 3.0
japanese_show_40.mp4 0 0 0 1 0 0 m 6.666666666666667
japanese_show_44.mp4 0 0 1 0 0 1 f 4.0
japanese_show_50.mp4 1 1 1 0 1 1 f 2.0
japanese_show_52.mp4 0 0 0 1 0 1 m 7.0
japanese_show_55.mp4 0 0 0 1 0 1 m 6.0
japanese_show_59.mp4 0 0 0 1 0 0 m 4.0
japanese_show_62.mp4 0 0 0 1 0 1 m 3.6666666666666665
japanese_show_74.mp4 1 0 0 0 0 0 f 3.3333333333333335
japanese_show_75.mp4 0 0 0 1 0 0 m 5.0
japanese_show_84.mp4 0 0 0 0 0 0 f 3.3333333333333335
japanese_show_85.mp4 1 0 0 0 1 0 f 3.0
juice_wrld_59.mp4 1 1 0 0 1 0 m 3.0
juice_wrld_65.mp4 1 1 0 0 1 0 f 2.6666666666666665
kda_27.mp4 0 1 0 1 0 1 f 2.6666666666666665
lil_pump_128.mp4 0 0 0 0 1 0 f 2.6666666666666665
lil_pump_30.mp4 0 1 0 1 0 0 m 3.3333333333333335
lil_pump_31.mp4 1 1 0 0 0 0 f 2.6666666666666665
lil_pump_43.mp4 1 1 0 0 0 0 f 2.3333333333333335
lil_pump_60.mp4 1 1 0 0 0 0 f 2.3333333333333335
lil_pump_65.mp4 1 0 0 0 0 0 m 3.0
lil_pump_72.mp4 0 1 0 0 1 0 f 2.6666666666666665
lil_pump_97.mp4 1 1 0 0 0 0 f 2.0
marshmello_100.mp4 0 0 0 1 0 0 m 5.0
marshmello_105.mp4 0 0 0 1 0 1 f 4.666666666666667
marshmello_29.mp4 0 0 0 1 0 0 f 6.333333333333333
marshmello_42.mp4 1 0 0 0 0 0 f 2.6666666666666665
marshmello_69.mp4 0 0 0 1 0 0 m 4.666666666666667
marshmello_83.mp4 0 0 0 1 0 0 m 6.333333333333333
marshmello_87.mp4 0 0 0 1 0 0 m 6.333333333333333
marshmello_89.mp4 0 0 0 1 0 0 m 6.333333333333333
not_mad_13.mp4 1 0 0 0 0 1 m 3.0
not_mad_15.mp4 1 0 0 0 0 0 f 3.0
not_mad_18.mp4 1 0 0 0 0 0 f 3.3333333333333335
not_mad_4.mp4 1 1 0 0 0 1 m 1.6666666666666667
not_mad_64.mp4 1 0 0 0 1 0 f 3.0
overwatch_28.mp4 1 0 0 1 0 0 m 4.333333333333333
overwatch_34.mp4 0 0 0 1 0 1 m 5.666666666666667
overwatch_39.mp4 0 0 0 1 0 1 m 7.0
overwatch_4.mp4 0 0 0 1 0 0 m 6.333333333333333
overwatch_55.mp4 1 0 0 1 0 1 m 4.333333333333333
overwatch_58.mp4 1 0 0 0 1 0 m 3.6666666666666665
overwatch_66.mp4 0 0 0 1 0 0 m 6.666666666666667
pewdiepie_104.mp4 1 1 0 0 1 0 m 1.6666666666666667
pewdiepie_128.mp4 0 0 0 1 0 1 m 5.666666666666667
pewdiepie_150.mp4 0 0 0 1 0 0 m 3.6666666666666665
pewdiepie_165.mp4 0 0 0 1 0 0 m 6.666666666666667
pewdiepie_30.mp4 0 0 0 1 0 1 m 6.0
pewdiepie_46.mp4 0 0 0 1 0 0 m 6.0
pewdiepie_53.mp4 0 0 0 1 0 0 m 6.333333333333333
play_lastofus_100.mp4 0 1 1 0 0 1 f 2.3333333333333335
play_lastofus_102.mp4 0 1 1 0 0 1 f 2.6666666666666665
play_lastofus_107.mp4 0 0 0 1 0 1 f 5.333333333333333
play_lastofus_123.mp4 1 1 1 0 0 1 f 1.6666666666666667
play_lastofus_133.mp4 0 0 1 1 1 1 f 3.0
play_lastofus_134.mp4 0 0 1 1 0 1 f 4.0
play_lastofus_146.mp4 0 0 1 1 0 1 f 4.0
play_lastofus_153.mp4 0 0 1 0 1 1 f 2.6666666666666665
play_lastofus_165.mp4 0 0 0 1 0 0 f 4.666666666666667
play_lastofus_166.mp4 1 1 1 0 1 1 f 1.6666666666666667
play_lastofus_177.mp4 1 0 0 1 1 1 f 3.6666666666666665
play_lastofus_188.mp4 0 0 1 1 0 1 f 4.0
play_lastofus_192.mp4 0 0 1 0 0 1 f 4.0
play_lastofus_200.mp4 0 1 1 0 0 1 f 3.0
play_lastofus_202.mp4 0 1 1 0 0 1 f 2.0
play_lastofus_205.mp4 0 0 1 0 0 1 f 3.3333333333333335
play_lastofus_212.mp4 0 1 1 0 1 1 f 1.3333333333333333
play_lastofus_218.mp4 0 0 0 1 0 0 m 3.6666666666666665
play_lastofus_219.mp4 0 1 1 0 0 1 f 2.0
play_lastofus_220.mp4 0 1 1 0 1 1 f 2.3333333333333335
play_lastofus_223.mp4 0 0 0 1 0 0 m 3.6666666666666665
play_lastofus_23.mp4 0 0 0 1 0 0 f 5.0
play_lastofus_30.mp4 0 0 0 1 0 1 f 5.333333333333333
play_lastofus_32.mp4 0 0 0 0 1 0 f 4.333333333333333
play_lastofus_43.mp4 0 1 1 0 0 1 f 3.0
play_lastofus_62.mp4 0 0 1 0 0 1 f 2.3333333333333335
play_lastofus_66.mp4 1 0 1 1 0 1 f 4.333333333333333
play_lastofus_69.mp4 0 0 0 1 1 1 f 4.333333333333333
play_lastofus_73.mp4 0 0 0 1 0 0 m 5.0
play_lastofus_82.mp4 0 0 1 0 0 1 f 3.6666666666666665
play_lastofus_86.mp4 0 0 0 0 0 0 f 4.0
play_lastofus_90.mp4 0 0 1 0 0 1 f 2.3333333333333335
play_red_dead_103.mp4 1 0 0 1 0 0 f 3.0
play_red_dead_114.mp4 1 0 1 0 0 1 m 2.3333333333333335
play_red_dead_116.mp4 1 0 0 1 0 0 m 4.333333333333333
play_red_dead_119.mp4 1 0 0 1 0 1 m 5.666666666666667
play_red_dead_124.mp4 1 0 1 0 0 1 m 3.6666666666666665
play_red_dead_126.mp4 0 0 0 1 0 1 m 7.0
play_red_dead_138.mp4 1 0 0 1 0 1 f 3.3333333333333335
play_red_dead_140.mp4 0 0 0 1 0 1 m 6.666666666666667
play_red_dead_141.mp4 1 0 0 1 0 0 f 4.333333333333333
play_red_dead_174.mp4 0 0 0 0 1 0 f 4.333333333333333
play_red_dead_36.mp4 1 0 0 0 0 0 f 4.666666666666667
play_red_dead_56.mp4 1 0 0 0 0 1 f 3.3333333333333335
play_red_dead_62.mp4 0 0 0 1 0 1 f 5.333333333333333
play_red_dead_69.mp4 0 0 0 1 0 0 m 5.0
play_red_dead_8.mp4 0 0 0 1 0 1 f 5.666666666666667
play_red_dead_86.mp4 0 0 0 1 0 0 m 6.0
play_red_dead_93.mp4 0 0 0 1 0 0 f 5.666666666666667
play_road_redemp_14.mp4 0 0 0 1 0 1 f 4.333333333333333
play_road_redemp_15.mp4 0 1 0 1 0 0 f 3.6666666666666665
play_road_redemp_18.mp4 1 0 0 1 0 1 f 5.0
play_road_redemp_31.mp4 1 0 1 0 0 1 f 3.6666666666666665
play_road_redemp_36.mp4 0 0 0 1 0 1 f 6.0
play_road_redemp_38.mp4 1 0 0 1 0 1 f 5.0
play_road_redemp_41.mp4 0 0 0 1 0 1 f 6.333333333333333
play_road_redemp_49.mp4 1 0 0 0 1 1 m 3.0
play_road_redemp_50.mp4 0 0 0 1 0 1 m 5.0
play_road_redemp_53.mp4 0 0 1 1 1 1 f 3.3333333333333335
play_road_redemp_56.mp4 0 0 0 1 1 0 f 4.0
play_road_redemp_57.mp4 0 0 1 0 0 1 m 3.6666666666666665
play_road_redemp_60.mp4 0 0 0 1 0 0 f 4.666666666666667
pssy_slap_15.mp4 1 0 0 0 0 1 f 4.666666666666667
pssy_slap_17.mp4 0 1 1 0 0 1 f 2.3333333333333335
pssy_slap_56.mp4 1 1 0 0 1 0 f 2.3333333333333335
pssy_slap_60.mp4 0 0 0 0 0 0 f 3.0
pssy_slap_62.mp4 1 1 0 0 1 1 f 2.3333333333333335
pssy_slap_75.mp4 0 0 0 1 0 0 f 5.666666666666667
pssy_slap_76.mp4 1 1 0 0 1 0 f 3.3333333333333335
pssy_slap_85.mp4 1 0 0 0 0 0 f 3.6666666666666665
qwop_15.mp4 0 0 0 1 0 1 f 4.666666666666667
qwop_21.mp4 1 0 0 1 1 1 m 3.0
qwop_26.mp4 0 0 0 1 0 0 m 5.0
qwop_28.mp4 0 0 0 1 0 0 f 6.666666666666667
qwop_38.mp4 1 0 0 1 0 0 f 4.333333333333333
qwop_39.mp4 1 0 0 0 0 1 f 3.3333333333333335
qwop_40.mp4 1 0 0 1 0 1 f 3.6666666666666665
qwop_41.mp4 1 0 0 1 0 1 f 5.666666666666667
qwop_42.mp4 1 0 0 1 0 1 f 3.6666666666666665
qwop_44.mp4 1 0 0 1 0 0 f 4.0
qwop_46.mp4 1 0 0 0 1 0 f 2.3333333333333335
qwop_48.mp4 1 0 0 1 0 0 f 4.0
qwop_49.mp4 1 0 0 0 1 0 f 2.3333333333333335
qwop_52.mp4 0 0 1 1 0 1 f 4.333333333333333
qwop_53.mp4 1 0 0 0 1 0 f 3.6666666666666665
qwop_55.mp4 1 0 0 1 1 1 m 3.6666666666666665
qwop_57.mp4 0 0 0 1 0 0 m 4.333333333333333
qwop_60.mp4 0 0 0 1 0 0 m 5.666666666666667
qwop_61.mp4 0 0 0 1 0 0 m 6.0
qwop_62.mp4 0 0 0 1 0 0 m 6.666666666666667
qwop_63.mp4 0 0 0 1 0 1 m 6.333333333333333
qwop_64.mp4 0 0 0 1 0 0 m 5.666666666666667
qwop_65.mp4 0 0 0 1 0 1 m 6.0
qwop_67.mp4 0 0 0 1 0 0 m 6.333333333333333
qwop_86.mp4 1 0 0 0 0 0 f 4.0
qwop_92.mp4 1 0 0 0 0 0 f 3.3333333333333335
qwop_93.mp4 1 0 0 0 0 0 m 2.3333333333333335
rammstein_101.mp4 0 0 0 1 0 0 m 5.333333333333333
rammstein_104.mp4 0 1 1 0 0 1 f 2.0
rammstein_113.mp4 1 1 0 0 0 0 m 4.0
rammstein_114.mp4 0 1 1 0 0 1 f 2.6666666666666665
rammstein_123.mp4 1 1 0 1 0 1 f 2.3333333333333335
rammstein_14.mp4 0 0 0 1 0 0 f 6.0
rammstein_146.mp4 0 0 0 1 0 1 f 5.333333333333333
rammstein_22.mp4 0 0 0 1 0 0 m 4.666666666666667
rammstein_27.mp4 0 1 0 1 0 1 m 3.6666666666666665
rammstein_29.mp4 0 0 0 1 0 0 m 6.333333333333333
rammstein_33.mp4 1 0 0 0 0 0 m 3.3333333333333335
rammstein_34.mp4 1 1 0 0 0 1 m 2.3333333333333335
rammstein_49.mp4 0 0 0 1 0 0 f 5.333333333333333
rammstein_54.mp4 0 0 1 1 0 1 f 6.0
rammstein_62.mp4 1 1 0 0 0 1 m 1.3333333333333333
rammstein_63.mp4 1 1 1 0 0 1 f 1.3333333333333333
rammstein_67.mp4 1 1 0 0 0 1 m 1.3333333333333333
rammstein_68.mp4 0 1 1 1 0 1 f 3.3333333333333335
rammstein_85.mp4 0 0 0 1 0 1 f 6.333333333333333
rammstein_89.mp4 1 1 0 1 0 1 m 4.0
rammstein_98.mp4 0 0 0 0 0 1 f 4.666666666666667
slipknot_101.mp4 1 0 0 0 0 0 m 3.3333333333333335
slipknot_118.mp4 0 0 0 0 0 1 m 4.666666666666667
slipknot_122.mp4 0 0 0 1 0 0 m 4.333333333333333
slipknot_126.mp4 1 0 0 0 0 0 m 3.3333333333333335
slipknot_24.mp4 0 1 0 1 0 0 m 3.6666666666666665
slipknot_46.mp4 0 1 0 0 0 0 m 2.3333333333333335
slipknot_52.mp4 0 0 0 1 0 0 m 5.0
slipknot_55.mp4 0 0 0 1 0 1 m 5.666666666666667
slipknot_60.mp4 0 1 0 1 0 1 m 4.666666666666667
slipknot_69.mp4 0 0 0 0 0 1 m 4.0
slipknot_70.mp4 1 1 0 0 0 0 m 2.6666666666666665
vaping_for_the1st_100.mp4 0 0 0 1 0 0 m 4.0
vaping_for_the1st_15.mp4 0 0 0 1 1 1 m 4.0
vaping_for_the1st_19.mp4 0 0 0 1 0 1 m 4.666666666666667
vaping_for_the1st_32.mp4 0 0 0 1 0 1 m 4.333333333333333
vaping_for_the1st_37.mp4 0 1 0 0 0 1 f 2.0
vaping_for_the1st_42.mp4 0 1 0 0 0 1 m 3.0
vaping_for_the1st_51.mp4 0 0 0 1 0 1 f 5.0
vaping_for_the1st_81.mp4 0 0 0 0 0 0 f 3.6666666666666665
vaping_for_the1st_9.mp4 0 0 0 0 0 0 f 4.0
vaping_for_the1st_92.mp4 0 0 0 0 0 0 f 3.3333333333333335
vaping_for_the1st_93.mp4 0 1 0 0 0 0 f 2.6666666666666665
vaping_for_the1st_96.mp4 0 1 0 0 1 0 f 2.6666666666666665
whack_your_boss_10.mp4 1 0 0 1 0 0 f 3.3333333333333335
whack_your_boss_103.mp4 0 0 0 1 0 0 m 6.333333333333333
whack_your_boss_108.mp4 0 0 0 0 0 0 f 4.0
whack_your_boss_12.mp4 0 0 0 0 0 1 f 3.6666666666666665
whack_your_boss_120.mp4 0 0 0 0 0 0 f 4.0
whack_your_boss_125.mp4 0 0 0 1 0 1 f 6.333333333333333
whack_your_boss_14.mp4 0 0 0 1 0 0 m 4.666666666666667
whack_your_boss_16.mp4 0 0 0 0 0 0 f 3.3333333333333335
whack_your_boss_40.mp4 0 0 0 1 0 0 m 6.333333333333333
whack_your_boss_66.mp4 0 0 0 1 0 1 f 6.333333333333333
would_you_rather_17.mp4 0 0 0 0 0 0 f 4.666666666666667
would_you_rather_18.mp4 0 0 0 0 0 0 f 4.333333333333333
would_you_rather_19.mp4 0 1 0 0 0 0 f 2.6666666666666665
would_you_rather_20.mp4 0 1 0 0 0 0 f 3.0
would_you_rather_28.mp4 0 0 0 1 0 0 m 6.0
would_you_rather_29.mp4 0 0 0 1 0 0 m 6.0
would_you_rather_30.mp4 0 0 0 1 0 1 m 6.0
would_you_rather_32.mp4 0 0 0 0 0 1 f 4.333333333333333
would_you_rather_33.mp4 0 0 0 0 0 0 f 4.333333333333333
would_you_rather_34.mp4 1 0 0 0 0 0 f 3.0
would_you_rather_35.mp4 0 0 0 0 0 0 f 3.3333333333333335
would_you_rather_36.mp4 0 0 0 0 0 1 f 4.666666666666667
would_you_rather_37.mp4 0 0 0 1 0 0 f 4.666666666666667
would_you_rather_44.mp4 0 0 0 0 0 0 f 3.6666666666666665
would_you_rather_49.mp4 0 0 0 0 0 0 m 4.333333333333333
would_you_rather_5.mp4 1 0 1 0 1 1 f 2.6666666666666665
would_you_rather_61.mp4 0 0 0 0 1 0 m 3.0
would_you_rather_62.mp4 0 0 0 1 0 0 m 5.0
would_you_rather_63.mp4 0 0 0 1 0 0 m 4.333333333333333
would_you_rather_64.mp4 0 0 0 1 0 0 f 4.666666666666667
would_you_rather_65.mp4 0 1 0 1 0 1 f 3.6666666666666665
would_you_rather_80.mp4 0 0 0 0 0 0 f 4.0
would_you_rather_81.mp4 0 0 0 1 0 1 f 5.0
would_you_rather_82.mp4 1 0 0 1 0 0 f 4.0
would_you_rather_83.mp4 0 0 0 1 0 0 f 6.0
